Script started on Tue Mar 24 20:09:17 2020
[1m[7m%[27m[1m[0m                                                                                        [0m[27m[24m[Jjordanwells@Jordans-MBP lab9 % [K[?2004h../a.out[?2004l
8  50  374  310  259  231  273  79  530  324  310  441  66  700  393  343  288  104  528  341  613  404  358  261  634  479  617  136  698  627  113  168  611  

611  168  113  627  698  136  617  479  634  261  358  404  613  341  528  104  288  343  393  66  441  324  79  273  231  259  374  50  8  

8  50  374  310  259  231  273  79  530  324  310  441  66  700  393  343  288  104  528  341  613  404  358  261  634  479  617  136  698  627  113  168  611  

611  168  113  627  698  136  617  479  634  261  358  404  613  341  528  104  288  343  393  700  66  441  310  324  530  79  273  231  259  310  374  50  8  

8  50  374  310  259  231  273  79  530  324  310  441  66  700  393  343  288  104  528  341  613  404  358  261  634  479  617  136  698  627  113  168  611  

611  168  113  627  698  136  617  479  634  261  358  404  613  341  528  104  288  343  393  66  441  324  79  273  231  259  374  50  8  [1m[7m%[27m[1m[0m                                                                                        [0m[27m[24m[Jjordanwells@Jordans-MBP lab9 % [K[?2004heexit[?2004l

Script done on Tue Mar 24 20:10:22 2020
